1 10139
2 5093
3 3383
4 2539
5 2033
6 1698
7 1453
8 1271
9 1130
10 1018
11 1110
12 994
13 785
14 728
15 730
16 638
17 600
18 567
19 541
20 806
21 579
22 465
23 694
24 499
25 410
26 468
27 380
28 578
29 580
30 591
31 542
32 406
33 442
34 497
35 397
36 469
37 504
38 386
39 379
40 379
41 366
42 349
43 322
44 336
45 327
46 330
47 314
48 300
49 210
50 293
51 296
52 293
53 281
54 273
55 284
56 330
57 267
58 265
59 257
60 333
61 288
62 280
63 277
64 274
65 300
66 231
67 290
68 223
69 224
70 218
71 274
72 343
73 274
74 329
75 269
76 334
77 264
78 251
79 255
80 248
81 243
82 239
83 241
84 300
85 300
86 293
87 227
88 227
89 286
90 279
91 286
92 274
93 271
94 209
95 262
96 264
97 253
98 256
99 251
100 250
101 248
102 249
103 223
104 242
105 237
106 238
107 237
108 238
109 233
110 235
111 226
112 221
113 224
114 227
115 222
116 221
117 228
118 215
119 212
120 214
121 212
122 214
123 206
124 209
125 204
126 200
127 200
128 197
129 195
130 161
131 196
132 180
133 191
134 183
135 186
136 172
137 186
138 186
139 174
140 181
141 180
142 180
143 182
144 179
145 180
146 175
147 172
148 172
149 171
150 171
151 172
152 168
153 167
154 168
155 167
156 168
157 162
158 168
159 162
160 162
161 160
162 157
163 159
164 167
165 156
166 156
167 152
168 156
169 155
170 153
171 155
172 151
173 153
174 148
175 149
176 152
177 147
178 147
179 151
180 151
181 144
182 150
183 153
184 146
185 140
186 141
187 140
188 144
189 139
190 139
191 139
192 139
193 138
194 135
195 143
196 140
197 136
198 135
199 135
200 144
201 138
202 138
203 134
204 130
205 141
206 135
207 136
208 137
209 135
210 136
211 131
212 126
213 130
214 136
215 133
216 129
217 132
218 124
219 132
220 125
221 135
222 127
223 130
224 128
225 121
226 130
227 128
228 126
229 128
230 124
231 117
232 123
233 133
234 123
235 120
236 116
237 118
238 117
239 120
240 113
241 119
242 113
243 123
244 119
245 130
246 121
247 117
248 122
249 119
