1 378
2 199
3 137
4 104
5 90
6 79
7 72
8 68
9 64
10 63
11 62
12 63
13 60
14 59
15 61
16 63
17 62
18 64
19 66
20 68
21 70
22 71
23 73
24 75
25 79
26 81
27 83
28 85
29 89
30 90
31 94
32 97
33 99
34 102
35 102
36 105
37 109
38 113
39 116
40 118
41 120
42 123
43 124
44 128
45 131
46 134
47 136
48 140
49 142
50 144
51 148
52 151
53 153
54 156
55 159
56 162
57 163
58 165
59 168
60 170
61 172
62 176
63 179
64 182
65 185
66 188
67 192
68 195
69 198
70 201
71 202
72 207
73 209
74 261
75 215
76 219
77 223
78 247
79 232
80 233
81 236
82 239
83 242
84 246
85 249
86 252
87 255
88 252
89 258
90 259
91 261
92 263
93 263
94 265
95 312
96 270
97 275
98 277
99 322
100 281
101 285
102 288
103 335
104 296
105 299
106 303
107 347
108 304
109 307
110 310
111 358
112 316
113 320
114 323
115 371
116 325
117 328
118 332
119 381
120 338
121 345
122 348
123 361
124 353
125 353
126 361
127 370
128 421
129 375
130 377
131 379
132 424
133 384
134 386
135 388
136 437
137 392
138 396
139 398
140 450
141 409
142 411
143 421
144 469
145 427
146 430
147 435
148 485
149 442
150 447
151 447
152 498
153 449
154 456
155 459
156 504
157 508
158 466
159 469
160 515
161 517
162 476
163 482
164 511
165 532
166 492
167 494
168 495
169 537
170 497
171 501
172 501
173 551
174 516
175 515
176 522
177 566
178 525
179 529
180 532
181 581
182 540
183 539
184 549
185 598
186 550
187 553
188 576
189 604
190 598
191 572
192 574
193 622
194 619
195 580
196 578
197 623
198 626
199 585
200 587
201 634
202 636
203 590
204 592
205 633
206 634
207 590
208 595
209 600
210 647
211 600
212 608
213 614
214 652
215 613
216 616
217 612
218 667
219 627
220 629
221 628
222 679
223 670
224 637
225 645
226 687
227 692
228 652
229 654
230 701
231 704
232 659
233 664
234 708
235 708
236 687
237 673
238 717
239 710
240 683
241 690
242 737
243 731
244 692
245 685
246 734
247 745
248 710
249 715
