1 38652
2 19486
3 13059
4 9804
5 7850
6 6557
7 5639
8 4937
9 4401
10 3949
11 3667
12 3302
13 3064
14 2843
15 2666
16 2506
17 2355
18 2230
19 2120
20 2028
21 1926
22 1844
23 1770
24 1700
25 1653
26 1594
27 1545
28 1490
29 1429
30 1394
31 1393
32 1368
33 1284
34 1249
35 1239
36 1229
37 1200
38 1164
39 1168
40 1131
41 1154
42 1069
43 1057
44 1056
45 1046
46 1017
47 1153
48 1015
49 1018
50 954
51 923
52 975
53 923
54 894
55 877
56 931
57 880
58 865
59 887
60 836
61 864
62 842
63 1279
64 1216
65 1329
66 1306
67 1250
68 1257
69 1252
70 1249
71 1193
72 1184
73 1158
74 1181
75 1162
76 1161
77 1137
78 1135
79 1093
80 1068
81 1084
82 1080
83 1078
84 1078
85 1096
86 1045
87 1040
88 1040
89 1046
90 1033
91 1044
92 1066
93 1043
94 1017
95 1094
96 1083
97 1380
98 2105
99 1078
100 1012
101 1030
102 1021
103 922
104 902
105 905
106 893
107 899
108 873
109 881
110 858
111 874
112 873
113 846
114 871
115 866
116 860
117 865
118 923
119 907
120 937
121 934
122 914
123 924
124 917
125 903
126 900
127 894
128 913
129 891
130 892
131 907
132 899
133 905
134 901
135 894
136 909
137 900
138 892
139 894
140 888
141 905
142 889
143 882
144 880
145 899
146 911
147 920
148 915
149 901
150 905
151 905
152 905
153 906
154 935
155 898
156 909
157 903
158 921
159 909
160 932
161 942
162 925
163 935
164 974
165 960
166 963
167 969
168 962
169 945
170 939
171 935
172 934
173 929
174 925
175 917
176 941
177 924
178 927
179 914
180 910
181 910
182 908
183 921
184 975
185 972
186 979
187 985
188 997
189 1001
190 969
191 986
192 985
193 989
194 953
195 954
196 948
197 948
198 954
199 959
200 954
201 970
202 981
203 990
204 980
205 991
206 971
207 984
208 983
209 987
210 982
211 980
212 977
213 970
214 983
215 991
216 990
217 983
218 977
219 989
220 990
221 988
222 1001
223 997
224 988
225 984
226 997
227 1018
228 1018
229 1053
230 1165
231 1187
232 994
233 1004
234 1009
235 1019
236 1017
237 1012
238 1015
239 1014
240 1009
241 1015
242 1017
243 1013
244 997
245 1007
246 989
247 1105
248 1010
249 994
